Random Choice : 12.5
Decision Tree:
                 0)  0.33% [0, 0, 1, 1, 1, 0, 0, 1]
                 1)  0.33% [0, 0, 1, 1, 1, 1, 1, 0]
                 2)  0.33% [0, 0, 1, 0, 1, 0, 1, 1]
                 3)  0.32% [0, 0, 1, 1, 0, 0, 0, 1]
                 4)  0.32% [0, 0, 1, 0, 1, 0, 0, 0]
                 5)  0.32% [0, 0, 1, 0, 1, 1, 1, 0]
                 6)  0.32% [0, 0, 1, 1, 0, 0, 1, 1]
                 7)  0.32% [0, 0, 1, 1, 1, 0, 1, 1]
                 8)  0.32% [0, 0, 1, 1, 1, 1, 0, 1]
                 9)  0.32% [0, 0, 1, 0, 1, 0, 0, 1]
1
KNN:
                 0)  0.33% [0, 0, 0, 1, 1, 1, 1, 0]
                 1)  0.33% [0, 0, 0, 1, 0, 1, 1, 1]
                 2)  0.33% [0, 0, 0, 1, 1, 1, 1, 1]
                 3)  0.33% [0, 0, 0, 1, 1, 1, 0, 1]
                 4)  0.33% [0, 0, 0, 1, 1, 1, 0, 0]
                 5)  0.33% [0, 0, 0, 1, 1, 0, 1, 1]
                 6)  0.33% [0, 0, 0, 1, 1, 0, 1, 0]
                 7)  0.33% [0, 0, 0, 1, 1, 0, 0, 0]
                 8)  0.33% [0, 0, 0, 1, 1, 0, 0, 1]
                 9)  0.33% [0, 0, 0, 1, 0, 1, 1, 0]
10
Bag Extra Tree:
                 0)  0.38% [1, 0, 0, 1, 1, 1, 1, 1]
                 1)  0.38% [1, 1, 0, 0, 1, 1, 1, 1]
                 2)  0.37% [1, 1, 0, 0, 1, 1, 1, 0]
                 3)  0.37% [1, 0, 0, 0, 0, 1, 1, 0]
                 4)  0.37% [1, 1, 0, 0, 1, 1, 0, 0]
                 5)  0.37% [1, 1, 0, 0, 0, 1, 1, 0]
                 6)  0.37% [1, 0, 0, 0, 1, 1, 0, 1]
                 7)  0.36% [1, 1, 0, 0, 1, 0, 0, 0]
                 8)  0.36% [1, 0, 1, 0, 0, 1, 1, 0]
                 9)  0.36% [1, 1, 0, 1, 0, 0, 1, 0]
1
Linear SVC:
                 0)  0.38% [1, 1, 0, 1, 1, 0, 1, 1]
                 1)  0.37% [1, 0, 1, 1, 1, 0, 1, 1]
                 2)  0.37% [1, 1, 0, 1, 0, 1, 0, 0]
                 3)  0.36% [1, 1, 0, 1, 0, 1, 0, 1]
                 4)  0.36% [1, 1, 1, 0, 1, 0, 1, 1]
                 5)  0.36% [1, 1, 0, 1, 0, 0, 0, 1]
                 6)  0.36% [1, 0, 1, 1, 0, 1, 1, 1]
                 7)  0.36% [1, 0, 1, 0, 1, 1, 1, 0]
                 8)  0.36% [1, 1, 1, 1, 1, 0, 0, 0]
                 9)  0.36% [1, 1, 0, 0, 0, 0, 1, 1]
1
Random Forest:
                 0)  0.47% [1, 0, 1, 1, 1, 0, 1, 0]
                 1)  0.47% [1, 0, 0, 0, 0, 1, 0, 1]
                 2)  0.46% [1, 1, 0, 1, 0, 0, 1, 1]
                 3)  0.46% [1, 0, 1, 0, 0, 1, 1, 1]
                 4)  0.46% [1, 1, 1, 0, 1, 0, 1, 0]
                 5)  0.46% [1, 0, 1, 1, 0, 0, 1, 0]
                 6)  0.46% [1, 1, 1, 0, 0, 0, 0, 1]
                 7)  0.46% [1, 0, 1, 1, 0, 1, 0, 1]
                 8)  0.46% [1, 1, 1, 1, 1, 0, 0, 0]
                 9)  0.46% [1, 1, 0, 1, 0, 1, 1, 1]
1
SVC:
                 0)  0.34% [0, 0, 0, 1, 1, 1, 0, 1]
                 1)  0.34% [0, 0, 0, 1, 0, 1, 1, 1]
                 2)  0.34% [0, 0, 0, 1, 1, 1, 1, 1]
                 3)  0.34% [0, 0, 0, 1, 1, 1, 1, 0]
                 4)  0.34% [0, 0, 0, 1, 1, 1, 0, 0]
                 5)  0.34% [0, 0, 0, 1, 1, 0, 1, 1]
                 6)  0.34% [0, 0, 0, 1, 1, 0, 1, 0]
                 7)  0.34% [0, 0, 0, 1, 1, 0, 0, 0]
                 8)  0.34% [0, 0, 0, 1, 1, 0, 0, 1]
                 9)  0.34% [0, 0, 0, 1, 0, 1, 1, 0]
10
SGDC:
                 0)  0.33% [0, 0, 0, 1, 0, 1, 1, 1]
                 1)  0.33% [0, 0, 0, 1, 1, 1, 1, 0]
                 2)  0.33% [0, 0, 0, 1, 1, 0, 1, 0]
                 3)  0.30% [1, 1, 1, 0, 1, 1, 1, 1]
                 4)  0.29% [0, 0, 0, 1, 0, 0, 0, 1]
                 5)  0.29% [1, 1, 0, 0, 0, 1, 1, 0]
                 6)  0.29% [1, 1, 1, 0, 0, 1, 1, 0]
                 7)  0.28% [0, 0, 0, 1, 1, 1, 0, 1]
                 8)  0.28% [1, 0, 1, 1, 0, 1, 1, 0]
                 9)  0.28% [0, 0, 1, 0, 0, 0, 0, 1]
1
MLP:
                 0)  0.43% [1, 0, 1, 1, 0, 0, 0, 1]
                 1)  0.43% [1, 0, 0, 1, 0, 0, 1, 1]
                 2)  0.43% [1, 0, 1, 0, 1, 0, 1, 0]
                 3)  0.43% [1, 0, 0, 0, 1, 0, 1, 0]
                 4)  0.42% [1, 0, 1, 0, 0, 0, 1, 1]
                 5)  0.42% [1, 0, 1, 0, 1, 0, 0, 0]
                 6)  0.42% [1, 0, 0, 0, 1, 1, 1, 1]
                 7)  0.42% [1, 1, 1, 0, 1, 1, 1, 1]
                 8)  0.42% [1, 0, 0, 0, 0, 1, 1, 1]
                 9)  0.42% [1, 0, 0, 1, 1, 0, 1, 0]
1
[44. 22. 32. 50. 48. 41. 51. 44.]
[4. 1. 3. 8. 6. 4. 5. 6.]
[4.  1.  3.  8.  5.6 3.2 5.2 6. ]